n_topics,alpha,beta,coherence_score,perplexity_score
12,0.1,0.1,0.46581140893681333,-7.473747583089164
12,0.1,0.30000000000000004,0.472272285468133,-7.4920511223618185
12,0.1,0.5000000000000001,0.4734572057995494,-7.5333713352815
12,0.1,0.7000000000000001,0.4715771657474665,-7.574856333641602
12,0.1,0.9000000000000001,0.4737110707762539,-7.61456130299596
12,0.1,auto,0.4695597212242612,-7.466507761436378
12,0.30000000000000004,0.1,0.4658114089368133,-7.473723140508769
12,0.30000000000000004,0.30000000000000004,0.4726424287831512,-7.49294324621296
12,0.30000000000000004,0.5000000000000001,0.4732742230030551,-7.534684998724066
12,0.30000000000000004,0.7000000000000001,0.4715771657474665,-7.5765751744192675
12,0.30000000000000004,0.9000000000000001,0.4740394504433311,-7.616801664939084
12,0.30000000000000004,auto,0.4690105256523611,-7.465730834739925
12,0.5000000000000001,0.1,0.4652367134811659,-7.474138192277902
12,0.5000000000000001,0.30000000000000004,0.47264242878315116,-7.493649109752135
12,0.5000000000000001,0.5000000000000001,0.47369228616151676,-7.535750820081223
12,0.5000000000000001,0.7000000000000001,0.4715771657474665,-7.578228932679565
12,0.5000000000000001,0.9000000000000001,0.4732364003908642,-7.618707650997605
12,0.5000000000000001,auto,0.4690105256523611,-7.465601336718228
12,0.7000000000000001,0.1,0.46891797931575124,-7.474551354855186
12,0.7000000000000001,0.30000000000000004,0.4722321097213364,-7.493839515884027
12,0.7000000000000001,0.5000000000000001,0.47289203157932436,-7.536307155867961
12,0.7000000000000001,0.7000000000000001,0.4715771657474665,-7.579691339608554
12,0.7000000000000001,0.9000000000000001,0.4732364003908642,-7.620408851029205
12,0.7000000000000001,auto,0.46460187929512586,-7.465899683887016
12,0.9000000000000001,0.1,0.4717861579499798,-7.4746818682682905
12,0.9000000000000001,0.30000000000000004,0.4718707628907323,-7.493547609530712
12,0.9000000000000001,0.5000000000000001,0.47356796459659084,-7.536013899500961
12,0.9000000000000001,0.7000000000000001,0.4749284732025206,-7.580991594770698
12,0.9000000000000001,0.9000000000000001,0.47525813589838123,-7.6219338336522755
12,0.9000000000000001,auto,0.4646018792951259,-7.4662909754803195
12,symmetric,0.1,0.46581140893681333,-7.473823682893465
12,symmetric,0.30000000000000004,0.472272285468133,-7.49200894675428
12,symmetric,0.5000000000000001,0.4734572057995494,-7.533276767035074
12,symmetric,0.7000000000000001,0.4715771657474665,-7.574738396917473
12,symmetric,0.9000000000000001,0.4737110707762539,-7.614428451613777
12,symmetric,auto,0.4695597212242612,-7.466595503531282
13,0.1,0.1,0.46348703145000436,-7.435933445638382
13,0.1,0.30000000000000004,0.4739743214115507,-7.479627644969967
13,0.1,0.5000000000000001,0.48020875257540524,-7.525617593060553
13,0.1,0.7000000000000001,0.48049202827343807,-7.568903941755155
13,0.1,0.9000000000000001,0.4953487001796556,-7.609902241399673
13,0.1,auto,0.4583913454276632,-7.450040747538351
13,0.30000000000000004,0.1,0.46348703145000436,-7.436768988064212
13,0.30000000000000004,0.30000000000000004,0.4751339746050319,-7.481126268859148
13,0.30000000000000004,0.5000000000000001,0.4783401384919101,-7.5272201451715715
13,0.30000000000000004,0.7000000000000001,0.48155816640188215,-7.570445877251237
13,0.30000000000000004,0.9000000000000001,0.4953487001796556,-7.611539257752504
13,0.30000000000000004,auto,0.4593115787823378,-7.450394146525846
13,0.5000000000000001,0.1,0.46348703145000436,-7.437794142851803
13,0.5000000000000001,0.30000000000000004,0.47419230245570915,-7.4826829300443105
13,0.5000000000000001,0.5000000000000001,0.4794062766203541,-7.528707718919925
13,0.5000000000000001,0.7000000000000001,0.48761370218583455,-7.571825011473072
13,0.5000000000000001,0.9000000000000001,0.4960637845731644,-7.612956430369986
13,0.5000000000000001,auto,0.4593115787823378,-7.451043475761357
13,0.7000000000000001,0.1,0.46348703145000436,-7.438762581390871
13,0.7000000000000001,0.30000000000000004,0.47921755520042947,-7.484428207216537
13,0.7000000000000001,0.5000000000000001,0.4794062766203541,-7.530033795250986
13,0.7000000000000001,0.7000000000000001,0.4885322314883289,-7.572964916604045
13,0.7000000000000001,0.9000000000000001,0.4971299227016084,-7.614167459948845
13,0.7000000000000001,auto,0.4593115787823378,-7.45197870337222
13,0.9000000000000001,0.1,0.4634870314500044,-7.4398027996923
13,0.9000000000000001,0.30000000000000004,0.48018334426674364,-7.485734239624447
13,0.9000000000000001,0.5000000000000001,0.4794062766203541,-7.531271722474573
13,0.9000000000000001,0.7000000000000001,0.4885322314883289,-7.574026681480995
13,0.9000000000000001,0.9000000000000001,0.4971299227016084,-7.615262477196565
13,0.9000000000000001,auto,0.4593115787823378,-7.453001294267935
13,symmetric,0.1,0.46348703145000436,-7.435914126205491
13,symmetric,0.30000000000000004,0.4739743214115507,-7.479509706434078
13,symmetric,0.5000000000000001,0.48020875257540524,-7.525463437340262
13,symmetric,0.7000000000000001,0.48049202827343807,-7.568758367972752
13,symmetric,0.9000000000000001,0.4953487001796556,-7.609729503999945
13,symmetric,auto,0.4583913454276632,-7.450079507874207
14,0.1,0.1,0.46894784270488,-7.430960290094826
14,0.1,0.30000000000000004,0.47454034731317735,-7.472210389666116
14,0.1,0.5000000000000001,0.4708038638750214,-7.51978136976246
14,0.1,0.7000000000000001,0.4680084863630844,-7.569127807221319
14,0.1,0.9000000000000001,0.4985722458932957,-7.6056355902637955
14,0.1,auto,0.46807633267924587,-7.47396706995672
14,0.30000000000000004,0.1,0.46894784270488,-7.431934722647893
14,0.30000000000000004,0.30000000000000004,0.47454034731317735,-7.4734019758615515
14,0.30000000000000004,0.5000000000000001,0.4691825893407095,-7.521587862452102
14,0.30000000000000004,0.7000000000000001,0.4761083198669244,-7.570761017104126
14,0.30000000000000004,0.9000000000000001,0.4979062642024134,-7.607710857892838
14,0.30000000000000004,auto,0.46769465777612035,-7.473675699065461
14,0.5000000000000001,0.1,0.46894784270488,-7.433153028414378
14,0.5000000000000001,0.30000000000000004,0.47454034731317735,-7.474492341252222
14,0.5000000000000001,0.5000000000000001,0.4691825893407095,-7.5233270404972306
14,0.5000000000000001,0.7000000000000001,0.4773808585000854,-7.572457635736635
14,0.5000000000000001,0.9000000000000001,0.49651902384266916,-7.609659868593043
14,0.5000000000000001,auto,0.46769465777612035,-7.474055720212722
14,0.7000000000000001,0.1,0.46894784270488,-7.434468620898134
14,0.7000000000000001,0.30000000000000004,0.47454034731317735,-7.475654683879007
14,0.7000000000000001,0.5000000000000001,0.4732443177419822,-7.524970307738523
14,0.7000000000000001,0.7000000000000001,0.4773808585000854,-7.574002883432414
14,0.7000000000000001,0.9000000000000001,0.49687175492869484,-7.611438392117465
14,0.7000000000000001,auto,0.46769465777612035,-7.475097805772439
14,0.9000000000000001,0.1,0.46989605412048746,-7.435568472600422
14,0.9000000000000001,0.30000000000000004,0.47454034731317735,-7.4765567830059405
14,0.9000000000000001,0.5000000000000001,0.47446928516842185,-7.52654612889945
14,0.9000000000000001,0.7000000000000001,0.4773808585000854,-7.575544145547708
14,0.9000000000000001,0.9000000000000001,0.49687175492869484,-7.613112236765889
14,0.9000000000000001,auto,0.4710215601629962,-7.476287895025449
14,symmetric,0.1,0.46894784270488,-7.4309292798627435
14,symmetric,0.30000000000000004,0.47454034731317735,-7.472082138694743
14,symmetric,0.5000000000000001,0.4708038638750214,-7.519825789725295
14,symmetric,0.7000000000000001,0.4680084863630844,-7.56885558558035
14,symmetric,0.9000000000000001,0.4985722458932957,-7.605377055095599
14,symmetric,auto,0.46807633267924587,-7.474020533405649
15,0.1,0.1,0.45354216047903173,-7.401871020035855
15,0.1,0.30000000000000004,0.44490662501755,-7.45812897837485
15,0.1,0.5000000000000001,0.47083248764994107,-7.513214797700695
15,0.1,0.7000000000000001,0.48303416500954044,-7.56058334630934
15,0.1,0.9000000000000001,0.4901239019048319,-7.601496982245076
15,0.1,auto,0.4518983296008237,-7.481241581998706
15,0.30000000000000004,0.1,0.4514609731446313,-7.402934394567872
15,0.30000000000000004,0.30000000000000004,0.45501598284821854,-7.459930960885854
15,0.30000000000000004,0.5000000000000001,0.47203393433032265,-7.515122925109095
15,0.30000000000000004,0.7000000000000001,0.48427015041437543,-7.562469714912956
15,0.30000000000000004,0.9000000000000001,0.4901239019048319,-7.6037553253073344
15,0.30000000000000004,auto,0.4500308464476558,-7.479797496016069
15,0.5000000000000001,0.1,0.4491986506034222,-7.404006001244177
15,0.5000000000000001,0.30000000000000004,0.46095856177654276,-7.460877304099793
15,0.5000000000000001,0.5000000000000001,0.47268290025953796,-7.516911619233853
15,0.5000000000000001,0.7000000000000001,0.48627059313903737,-7.5641073771372636
15,0.5000000000000001,0.9000000000000001,0.4901239019048319,-7.605861416183866
15,0.5000000000000001,auto,0.4512949506619673,-7.479891892035981
15,0.7000000000000001,0.1,0.44876012797192566,-7.405060867091252
15,0.7000000000000001,0.30000000000000004,0.45907610081611644,-7.462358867558489
15,0.7000000000000001,0.5000000000000001,0.4729236350778588,-7.518536787190615
15,0.7000000000000001,0.7000000000000001,0.48627059313903737,-7.565603326691109
15,0.7000000000000001,0.9000000000000001,0.49139026740295416,-7.607783549138977
15,0.7000000000000001,auto,0.4512949506619673,-7.480567211049757
15,0.9000000000000001,0.1,0.44876012797192566,-7.406174808263829
15,0.9000000000000001,0.30000000000000004,0.4622072448690002,-7.464505443570481
15,0.9000000000000001,0.5000000000000001,0.47264617477546206,-7.520069059193401
15,0.9000000000000001,0.7000000000000001,0.48308333314711616,-7.56695807366071
15,0.9000000000000001,0.9000000000000001,0.491148984119132,-7.609569553871977
15,0.9000000000000001,auto,0.4500614290760124,-7.481361251035822
15,symmetric,0.1,0.45354216047903173,-7.40185297184317
15,symmetric,0.30000000000000004,0.44490662501755,-7.457917911836953
15,symmetric,0.5000000000000001,0.47083248764994107,-7.512958541111384
15,symmetric,0.7000000000000001,0.4820959970850136,-7.560304124382581
15,symmetric,0.9000000000000001,0.4901239019048319,-7.601163725334617
15,symmetric,auto,0.4518983296008237,-7.481250058271896
16,0.1,0.1,0.46085068657317907,-7.396641377259371
16,0.1,0.30000000000000004,0.45264287738565956,-7.451725770667479
16,0.1,0.5000000000000001,0.46454298925964393,-7.523474133055013
16,0.1,0.7000000000000001,0.4262047287057311,-7.579907466748557
16,0.1,0.9000000000000001,0.4299370610565528,-7.6190669995678215
16,0.1,auto,0.46326832290061964,-7.506858075771809
16,0.30000000000000004,0.1,0.45978443963775806,-7.397916046078216
16,0.30000000000000004,0.30000000000000004,0.45143594473522386,-7.453489725793188
16,0.30000000000000004,0.5000000000000001,0.4639284278107213,-7.525539504711326
16,0.30000000000000004,0.7000000000000001,0.42790280061734604,-7.5821632362585385
16,0.30000000000000004,0.9000000000000001,0.4299370610565528,-7.621275977427985
16,0.30000000000000004,auto,0.4602169133700051,-7.5056181497975
16,0.5000000000000001,0.1,0.45978443963775806,-7.3992518316831974
16,0.5000000000000001,0.30000000000000004,0.45143594473522386,-7.455095941858132
16,0.5000000000000001,0.5000000000000001,0.4641916407310408,-7.526867431607157
16,0.5000000000000001,0.7000000000000001,0.4291881298699491,-7.584233577450427
16,0.5000000000000001,0.9000000000000001,0.43463392610367707,-7.623361100496436
16,0.5000000000000001,auto,0.4602169133700051,-7.505992472731099
16,0.7000000000000001,0.1,0.46009710946624005,-7.4004873507728695
16,0.7000000000000001,0.30000000000000004,0.45143594473522386,-7.456645833613229
16,0.7000000000000001,0.5000000000000001,0.4741096911932421,-7.5353964095753145
16,0.7000000000000001,0.7000000000000001,0.4328845418077038,-7.586107492085924
16,0.7000000000000001,0.9000000000000001,0.4348402864168346,-7.626355907510594
16,0.7000000000000001,auto,0.4602169133700051,-7.507403109297662
16,0.9000000000000001,0.1,0.46009710946624005,-7.401624770088531
16,0.9000000000000001,0.30000000000000004,0.45143594473522397,-7.458223917321563
16,0.9000000000000001,0.5000000000000001,0.4781467134278631,-7.536929095745652
16,0.9000000000000001,0.7000000000000001,0.4328845418077038,-7.587500518369952
16,0.9000000000000001,0.9000000000000001,0.4208802022067224,-7.6290289932134
16,0.9000000000000001,auto,0.4597725564472921,-7.5087168082784395
16,symmetric,0.1,0.46085068657317907,-7.39653858962511
16,symmetric,0.30000000000000004,0.45264287738565956,-7.451488829203335
16,symmetric,0.5000000000000001,0.46454298925964393,-7.523169273196504
16,symmetric,0.7000000000000001,0.4262047287057312,-7.579543518482369
16,symmetric,0.9000000000000001,0.4281555860446883,-7.6186999406186615
16,symmetric,auto,0.46326832290061964,-7.507128237448151
17,0.1,0.1,0.44652423707074995,-7.385097488281628
17,0.1,0.30000000000000004,0.456030924240291,-7.445200845597624
17,0.1,0.5000000000000001,0.47792370251716176,-7.502162522091646
17,0.1,0.7000000000000001,0.4795844381851866,-7.556116595776587
17,0.1,0.9000000000000001,0.46352685185514975,-7.599368520175542
17,0.1,auto,0.44844297501792046,-7.518569394263445
17,0.30000000000000004,0.1,0.44796237732947003,-7.386240931658319
17,0.30000000000000004,0.30000000000000004,0.4512943484049176,-7.447737589058704
17,0.30000000000000004,0.5000000000000001,0.4770076763411801,-7.504533976354804
17,0.30000000000000004,0.7000000000000001,0.48215160295205745,-7.558198554434161
17,0.30000000000000004,0.9000000000000001,0.46517419521576564,-7.601938364740138
17,0.30000000000000004,auto,0.44935214251705025,-7.516960182150219
17,0.5000000000000001,0.1,0.44783629059156455,-7.3874574556989
17,0.5000000000000001,0.30000000000000004,0.4744611886045401,-7.451071529825967
17,0.5000000000000001,0.5000000000000001,0.4769340985017595,-7.506729051469811
17,0.5000000000000001,0.7000000000000001,0.48165018521754144,-7.55977374071248
17,0.5000000000000001,0.9000000000000001,0.476745270425281,-7.604446104750121
17,0.5000000000000001,auto,0.44935214251705025,-7.517759241701279
17,0.7000000000000001,0.1,0.4470417887015359,-7.388688912212634
17,0.7000000000000001,0.30000000000000004,0.47260859296997165,-7.4518587242428085
17,0.7000000000000001,0.5000000000000001,0.47631889324534393,-7.508646541018869
17,0.7000000000000001,0.7000000000000001,0.47900515221571344,-7.561383317605908
17,0.7000000000000001,0.9000000000000001,0.4684040309445737,-7.605467464943714
17,0.7000000000000001,auto,0.45107629337871036,-7.518772831696983
17,0.9000000000000001,0.1,0.4478335751113707,-7.38948442344168
17,0.9000000000000001,0.30000000000000004,0.4715379113896261,-7.453357631805463
17,0.9000000000000001,0.5000000000000001,0.47633228672617695,-7.510249517435611
17,0.9000000000000001,0.7000000000000001,0.4777053848645965,-7.563069012186135
17,0.9000000000000001,0.9000000000000001,0.465871826572468,-7.6071055253764115
17,0.9000000000000001,auto,0.4537110057771238,-7.5193756469200235
17,symmetric,0.1,0.44652423707074995,-7.385092827552997
17,symmetric,0.30000000000000004,0.456030924240291,-7.4448218886223
17,symmetric,0.5000000000000001,0.47792370251716176,-7.501763375660145
17,symmetric,0.7000000000000001,0.4815361357474444,-7.555752118346197
17,symmetric,0.9000000000000001,0.46352685185514975,-7.598882113066491
17,symmetric,auto,0.44844297501792046,-7.518878860698466
