n_topics,alpha,beta,coherence_score,perplexity_score
11,0.1,0.1,0.44880395876257384,-7.472045550163666
11,0.1,0.30000000000000004,0.44194649343823916,-7.504446356056605
11,0.1,0.5000000000000001,0.45664976647658323,-7.5447894247822385
11,0.1,0.7000000000000001,0.45760044102391473,-7.582886270440925
11,0.1,0.9000000000000001,0.45904744970453704,-7.619907821098339
11,0.1,auto,0.45273185989626175,-7.448818528157432
11,0.30000000000000004,0.1,0.44880395876257384,-7.471800640051381
11,0.30000000000000004,0.30000000000000004,0.44194649343823916,-7.505596817528066
11,0.30000000000000004,0.5000000000000001,0.4569940189759777,-7.54595911141771
11,0.30000000000000004,0.7000000000000001,0.45760044102391473,-7.584293034858017
11,0.30000000000000004,0.9000000000000001,0.4583344719214739,-7.621361434807406
11,0.30000000000000004,auto,0.4517337524957961,-7.44884926085611
11,0.5000000000000001,0.1,0.4522057946749438,-7.47153986083938
11,0.5000000000000001,0.30000000000000004,0.44194649343823916,-7.5067253872129776
11,0.5000000000000001,0.5000000000000001,0.4580345204956469,-7.547201811079853
11,0.5000000000000001,0.7000000000000001,0.4564718834885426,-7.5855845784849825
11,0.5000000000000001,0.9000000000000001,0.4583344719214739,-7.622697088994153
11,0.5000000000000001,auto,0.4516962251615903,-7.448523666947113
11,0.7000000000000001,0.1,0.4522057946749438,-7.471573620443527
11,0.7000000000000001,0.30000000000000004,0.4406794283216005,-7.507756512973798
11,0.7000000000000001,0.5000000000000001,0.44404180067913473,-7.548638401363851
11,0.7000000000000001,0.7000000000000001,0.4564718834885426,-7.586715208765348
11,0.7000000000000001,0.9000000000000001,0.46115315607758994,-7.623857018107238
11,0.7000000000000001,auto,0.4522057946749438,-7.448054956325312
11,0.9000000000000001,0.1,0.4505299630990759,-7.471696205396499
11,0.9000000000000001,0.30000000000000004,0.4406794283216005,-7.508733957292992
11,0.9000000000000001,0.5000000000000001,0.4440418006791347,-7.549481437538009
11,0.9000000000000001,0.7000000000000001,0.45726343684377324,-7.587750924505334
11,0.9000000000000001,0.9000000000000001,0.4616704730184436,-7.624921866111077
11,0.9000000000000001,auto,0.4505299630990759,-7.448135397960734
11,symmetric,0.1,0.44880395876257384,-7.472067125987033
11,symmetric,0.30000000000000004,0.44194649343823916,-7.50440694089565
11,symmetric,0.5000000000000001,0.45664976647658323,-7.544752454223116
11,symmetric,0.7000000000000001,0.45760044102391473,-7.582829820531099
11,symmetric,0.9000000000000001,0.45904744970453704,-7.619850049413907
11,symmetric,auto,0.45273185989626175,-7.448847057270802
